0,0:
4
[-15,-15];[-15,15];[15,15];[15,-15];e

1,0:
4
[-15,-15];[-15,15];[15,15];[15,-15];e

1,1:
4
[-15,-15];[-15,15];[15,15];[15,-15];e

1,2:
4
[-15,-15];[-15,15];[15,15];[15,-15];e

1,3:
4
[-15,-15];[-15,15];[15,15];[15,-15];e

1,4:
4
[-15,-15];[-15,15];[15,15];[15,-15];e

1,5:
4
[-15,-15];[-15,15];[15,15];[15,-15];e

1,6:
4
[-15,-15];[-15,15];[15,15];[15,-15];e

1,7:
4
[-15,-15];[-15,15];[15,15];[15,-15];e

2,0:
8
[-36,0];[-24,24];[0,40];[24,24];[36,0];[18,21];[0,30];[-18,21];e

2,1:
23
[-14,17];[-18,21];[-18,27];[-14,31];[-10,31];[-6,27];[-6,33];[-2,37];[2,37];[6,33];[6,27];[10,31];[14,31];[18,27];[18,21];[14,17];[10,17];[6,21];[6,27];[2,23];[-2,23];[-6,27];[-10,17];e

2,2:
15
[30,10];[23,25];[15,31];[0,40];[-15,31];[-23,25];[-30,10];[-23,5];[-15,-11];[0,-20];[-23,25];[23,25];[0,-20];[15,-11];[23,-5];e
