0,0:
4
[-15,-15];[-15,15];[15,15];[15,-15];e

1,0:
4
[-15,-15];[-15,15];[15,15];[15,-15];e

1,1:
4
[-15,-15];[-15,15];[15,15];[15,-15];e

1,2:
4
[-15,-15];[-15,15];[15,15];[15,-15];e

1,3:
4
[-15,-15];[-15,15];[15,15];[15,-15];e

1,4:
4
[-15,-15];[-15,15];[15,15];[15,-15];e

1,5:
4
[-15,-15];[-15,15];[15,15];[15,-15];e

1,6:
4
[-15,-15];[-15,15];[15,15];[15,-15];e

1,7:
4
[-15,-15];[-15,15];[15,15];[15,-15];e

2,0:
8
[-36,0];[-24,30];[0,40];[24,30];[36,0];[18,21];[0,25];[-18,21];e

2,1:
24
[-34,10];[-42,18];[-42,30];[-34,38];[-22,38];[-14,30];[-14,36];[-6,44];[6,44];[14,36];[14,30];[22,38];[34,38];[42,30];[42,18];[34,10];[22,10];[14,18];[14,24];[6,16];[-6,16];[-14,24];[-14,18];[-22,10];e

2,2:
15
[30,10];[23,25];[15,31];[0,40];[-15,31];[-23,25];[-30,10];[-23,5];[-15,-11];[0,-20];[-23,25];[23,25];[0,-20];[15,-11];[23,-5];e
